2916533
2212749
2131650
2109824
2146061
2050510
2091054
2126826
2195313
3287165
3126234
2028360
2028298
3347818
2687070
2410354
2389797
3383709
2327619
2228050
2045737
2237750
2304830
2245027
2144921
2300389
3367304
2143186
2205416
2841380
2118459
3171779
2369133
2181061
2280191
3388301
2124360
2264820
2609835
2327716
2063905
2231115
2058693
2058740
2107287
2150891
2192780
2237822
3292487
2282135
2092387
2221209
2906066
3362647
2722810
2314916
3323668
2186632
3323765
2061120
2904489
2081369
2211742
2252317
2936240
2081440
2945991
2249278
2249359
2255472
2094843
2233096
2009358
2009374
3061981
2657961
2275481
3065103
2823926
2915090
3352102
3102238
2973219
2313588
2960540
2960591
2307383
2942771
3273741
2270765
2831317
2813785
2268647
2192314
2901404
2715090
2851911
2784122
3090450
2792672
2194198
2865084
3358461
2871807
3075400
2205599
2316749
2295466
3296474
3327833
2806525
2887495
3017656
3394859
2802554
2195976
2549573
3012395
2433699
3351351
3107337
2875012
3389073
2201445
3336450
2233223
2508940
2984458
3301990
3338819
3294455
2141264
2285410
2324350
3324699
3044955
2053250
2221080
2291479
2166453
3026469
3252264
2053373
2311178
2248034
2224445
2106710
2294770
2170353
2438836
2411164
2321246
2135671
2200660
2846870
2945487
2161893
2055147
3355560
2223635
2068796
3276929
2916002
2828332
3036863
2198215
2938731
2079798
2321220
3247139
2151081
2322617
2231441
2256347
3025756
2293994
2911000
2203600
2152894
2109794
2792613
3329577
3107507
3070425
3012620
3237184
2176807
2031272
2952033
3380866
3392910
3395030
2386461
2386488
2179458
2079283
2805944
3099113
3378047
2282038
3048780
2281473
2267225
2828987
2107864
2082497
2257416
2287650
2010348
2205700
2165643
3101215
2487829
2122413
2292807
2098415
2368013
2367955
3374165
3026930
2442400
2054884
2059657
2672111
2321696
2109271
2109190
2083477
2272717
2639548
2107678
2150107
2189224
2216914
2118092
2118149
2318962
2956411
2249936
2195763
2990164
3046001
2202220
2974568
3374580
2166038
2953196
2257785
2160145
2145316
2181568
2151405
2267284
2164094
2286521
2198835
2221217
2105403
2492725
2477033
3379370
3285090
2729652
2944928
2394723
3242153
3384438
3372596
2888491
3010775
3079350
2920441
2522721
3097498
3321975
2821230
3004180
3367150
2275864
3050904
3365441
3068943
3005836
3327140
2064804
2155079
2515881
3303519
3242340
3382443
2595192
2258404
2318814
2941376
2383160
2994151
2999404
2184648
3294617
2251477
2286513
2194864
2500752
3393801
3088413
2219352
2910136
2324547
3014347
3083292
3071987
2071223
2893827
2323575
2901960
2313014
2166135
2580276
3381188
3043088
2530007
2227118
3027627
2462621
2321343
2393018
3039927
2441306
2231999
2278782
2300311
2173190
3043231
3090280
3385531
2114119
2821524
2043742
2043769
2170930
2232103
3241734
2096625
3087956
2306522
2797305
2148501
3362310
2305615
2192454
2102811
2044676
2230763
3231941
3043517
3085368
3107566
3090337
2867877
2659492
3020010
3078957
3029638
3283534
2251000
3087328
3391400
3025985
3089665
2846080
3378667
3381340
3304361
3372731
2066122
3075176
3381803
2104814
2399067
2213826
2165236
2896753
2137330
2167654
2206579
3277151
2734877
3051650
2059479
2182297
2281597
2369397
2369320
2010402
2233924
2263246
2184079
2259214
2166283
2092441
2073986
3383571
2631130
2386410
2043815
2043823
2134047
2291886
2209284
2091240
2527502
2326671
2090740
2150085
2187566
2147696
3051285
2170230
2132427
2050749
2050790
2171309
2804387
3263304
3391370
3217892
3389740
2870703
3026132
2843560
3031837
2262223
2192012
3388093
3334740
2235978
2021102
2440890
3265153
2906678
2339161
3336832
2977567
2042045
2319349
2219611
2175657
2248107
2163632
3262448
2577275
3255204
2273810
2891808
2844532
3094642
3293432
3380106
2829703
3090035
3241947
3372006
3257436
3231470
2186519
3041018
2294591
2201607
2207753
3264360
2282160
3299732
2984660
3096386
3014720
2402718
2244756
2189887
3336859
2586770
3241718
3071529
2077809
2077710
2186152
3040950
2162628
3094693
3269620
3044483
2086425
2290707
2326841
2782928
2218283
2289547
2287960
2206439
3160750
2138220
2877600
2193175
3066665
3389359
3025829
2937913
3021785
2262525
2872960
2289997
2826615
2496283
2236036
2988763
2905914
2117967
3025098
2283123
2306948
2404290
3062350
2551411
2835290
2540860
2106205
2106272
2152045
2124246
2853000
2089858
2122065
3013812
2145847
2780267
3265790
2231930
2567245
2896680
3329828
2277948
2417413
2301709
3370402
3344908
2659158
2711168
3380017
2204991
2446677
3278638
3048861
3249883
2696100
3367827
3367827
3328538
3035077
2552779
3094766
3394131
2903423
3315460
2880750
2844893
3388751
3393410
2987392
2121840
2980045
3345343
2173522
2258757
2115360
2371804
2241633
2596369
3257150
2278227
3090710
3326160
2105705
2105756
3391000
2199076
2976269
2199386
2781433
2969777
3327345
2171384
3269302
3025373
3304213
2876078
3067297
3258017
2814439
3292797
2830914
2885115
3368955
3079740
2954702
3025357
2915030
2864401
2924668
3091406
2975890
2979900
2288206
2877783
3343111
2325225
2665328
3018938
2826593
2326590
3078019
3094847
3125726
2962187
2834189
3100170
3272800
2819783
2931990
2844591
3355373
2292866
3105520
2210398
2270390
2289296
2855224
3241335
2857685
2877279
2782847
2295130
2915723
3332730
3017400
2952173
2860481
2305577
2617005
3104079
3295982
2290499
2235013
2816091
2287595
2400480
2248131
2848139
3098400
2156458
2826895
2872790
2906554
2193876
2248905
2453037
2500230
3259706
2610647
2214687
2828499
2201704
2293510
2324873
3028283
3016773
3336212
3124282
3346560
3067815
2918293
2113422
2238071
3383342
3349853
3252647
2260093
3379825
2835851
3167755
3062228
2268566
2061422
2448149
2186292
2405938
2155940
2220911
2845539
3266451
2401193
2891409
2102552
3256030
2318539
2167530
3365778
2141140
2292645
2126141
2150131
3269353
2143046
2266873
2273519
2081083
3244806
2260980
3364275
2155257
2269589
2326760
2963078
2740850
2121042
2117290
2117312
2316269
2198177
3260488
2447312
2447207
2252708
2173123
2290324
2212820
2007738
2318253
2125234
2125269
3363562
3257843
2880431
3267059
2169991
3395324
2243210
2243296
3382320
2021366
2140314
3353486
2288389
2850249
2697181
2177862
3245888
3307832
2574462
2271133
3096629
3273938
2990717
2144506
2132974
2900106
2166607
3009785
2994569
2221306
2089610
2089599
2017318
2912228
2090589
2194929
2070707
2159040
2056208
2137941
2222507
2231000
2147513
2288648
2434628
2310260
2014696
2309564
2127458
2170523
2138999
2034913
2034840
2279886
2191121
2072653
3386260
2188228
2239000
2055767
2236982
2900351
2238519
2319063
2307162
2931451
3348857
2319616
2172135
2962918
2117886
2026899
2500965
3024865
2427605
2427583
2245329
2629593
2194074
3040844
2045702
2878283
3065634
2160064
2202611
3381714
2103311
2036223
2241471
2717867
2055686
2055600
3380246
2252147
2277387
2221870
2148382
2138760
3393330
2263530
2085330
2085399
3248267
2193205
2405997
2406047
2184419
2203235
2196956
2163748
3031616
2156679
3375196
2930781
2365685
2365669
2057905
2071339
2174618
2194228
2118475
2118530
3102335
2064588
2027313
2097800
2097834
2147556
2250128
2219530
2908875
2030691
2086980
2087022
2177544
3237494
2206820
2294486
2833085
2082896
2545233
3389863
3388670
2262460
3242617
2317419
2028026
2322145
2283603
2208407
2804239
2880008
3389405
2109409
2191792
2119625
2275287
3276830
2061392
2196492
2249715
2482975
3056546
2856840
2907437
2250942
3322084
2313073
2205483
2028212
2093308
2226774
2994593
2098989
2098938
2169134
2662302
2227010
3264734
2447045
3386570
2272946
3104672
2984962
2267489
3092321
2149389
2691884
2170604
2158558
3279804
2069822
2069784
2241803
2241749
2149532
2057174
3044602
2133261
2202034
2262304
2143720
2231697
2143020
2199866
2316684
2137739
2070723
2276119
2181681
2136538
2092794
2092735
2200945
2117100
2171570
2255545
2256541
2120550
3341984
2199793
2151766
2096030
2228742
2060124
3031381
2902761
2143682
2893304
2928914
2754533
2071401
3077683
2315297
2128055
2283166
2312700
2313847
2068680
2335077
2967014
2201879
2208105
3045072
3121445
2974380
3390292
2120038
2525860
3029573
3323773
2307065
2273306
2225522
2262584
2911396
2827379
2178524
2230291
2267314
2910250
2112981
2950111
2956713
2625270
2031353
3329631
2190346
2430509
3312658
3337138
3121542
2214113
2020149
2020211
2319632
2287641
2240734
2096650
2103001
2112469
2016427
2105900
2120399
2198940
3307956
2763958
3090221
2052830
2320509
2292750
2412390
3301982
2136333
2148102
2177404
2205327
2359952
2278308
2322773
2166542
2099969
3372332
2825856
2268051
2010658
3342441
3124703
2576961
3081460
3394298
2389789
2233630
2218208
2873516
2091062
3310620
2254042
2400839
2400901
2011379
2073919
2073897
2238934
2287722
2295202
2927837
2823616
2028930
2245396
2030276
2336146
2272857
2237474
2183480
2293277
3300900
3238040
3062732
2126621
2126559
2111799
2111764
2813394
2288940
2087642
2579952
3241106
2056488
2098830
3092364
2039753
3280799
2222531
2076322
2076268
2202913
2248204
2736500
2139391
2039591
2299330
2087375
2239264
2244217
2462842
2199360
2030985
3049361
2371669
2371693
2219972
3299597
2463393
3297543
2169924
2264048
2286289
2307510
2026708
2965798
3372898
2839687
2892529
3106861
3297802
3387305
2029502
2029464
2896001
3382982
2817187
3026809
2037637
2257564
2281864
2311720
2125307
2061007
2281767
2254700
3316076
3247600
3238059
2123541
2229587
2890330
2089157
2089130
2304635
2066009
2065959
2266520
2053691
2194678
2027860
2027909
2340607
2368838
3255484
3091040
2143062
3305830
2084058
2176866
2158990
3086658
2075750
2263408
2205173
2324628
2137488
3060802
2323230
2195631
2886030
3304680
3016617
3345386
2846594
3380742
3266338
3377440
2318873
2228670
3002233
2022800
2798280
2897750
2395932
2119900
2038900
2862220
3344789
2983516
2227061
3121607
2836130
2818230
2157284
2928426
3276619
3307093
3082750
2931230
3030148
3393038
3389480
3372944
2922355
3120678
3385841
2748797
3045102
3293700
2285673
3355861
3027996
3023125
3082113
3072460
3019543
3121771
3300030
2900769
3123812
3017044
3027201
2911272
2291770
3017524
3354148
3089509
2636530
2837617
2997452
3105563
2521601
2928728
3019934
2839474
3037916
2948435
3023214
3064794
3056317
2245450
3096696
2179091
2179075
2798417
3100200
3325768
3060616
2935074
3361179
2122146
2214237
3302792
3066150
3041522
3023109
2611325
2997290
2831333
3370291
3013650
3303292
3047350
3266532
3041808
2209926
2095424
2245515
2050480
3354989
2308207
2128950
3345750
2858339
2145782
2838222
2827000
2804298
3351890
2462761
3370488
3391779
3038840
3036944
3096408
3257665
2230399
2711494
3344410
2844672
2014246
2014220
2310651
2989204
3384098
2194392
2182785
2310317
2929252
3369706
2141299
2154986
2149508
2145685
2309882
2133709
2065819
2267110
2047837
2220156
2078597
2096242
3344800
2895005
2971089
2096170
2308827
2188600
2097451
2053284
2402815
2082250
3386511
2169070
2265605
2110806
2110520
2279096
2241862
2297922
3308812
2916770
3126226
3020355
2439417
2140063
2305208
3320030
2176238
2213176
2293102
2316552
2681803
2562979
2992370
2126257
2183013
3097420
2145251
2277301
2291169
2169010
2234190
2789892
3330320
2277190
3287092
2229692
2066432
2066483
2174162
2325411
3339947
3013170
2652404
2865157
2249960
2845431
2950154
2158850
2320002
2125420
3339610
2968401
3041867
2294648
2235110
3390942
3361764
2275643
2196344
2553031
3077810
3385418
2443210
2275937
2895129
2846390
2161869
2857766
2309173
2123665
2417553
2269511
3367355
3389626
2276461
3098087
2519992
2252740
2259273
2920697
2298180
2378930
2487667
2185156
2164914
2250330
3240002
2874393
3307476
2194139
2304589
2098172
2592703
3351963
3121925
2195372
3344576
2577194
2283492
2188996
2294451
2656833
3240746
2151243
3064042
2557134
2806061
3324109
2835754
3003680
2249090
3058425
2901838
2315904
2235633
2219816
2173999
2223163
3242943
2271850
2126672
2396513
2252341
2237563
2188066
2325632
2134853
2049449
2940566
2956349
2939258
2053209
2117088
2873150
2084872
2047314
2263980
2102641
2048612
2103800
3383008
3247503
2278480
2288826
3264408
2263939
2612321
2195232
3248704
3041620
3358941
2996570
2175177
3009238
3017133
3030865
2242044
2126532
2210754
3042936
2862735
3239756
2847477
2897938
3342778
3078205
3003876
2243792
2814617
2782979
3295435
3290018
2587882
2100665
2254948
2870681
2245604
2452910
3304493
3090671
2282330
3373436
2242265
2885964
2325004
3105873
2931087
2221063
2943719
3034518
2204568
3026639
2040123
2040212
2113511
2135779
2668122
2297159
2035120
2106175
3266966
3257231
3380602
2068508
2259982
2266210
2110431
2278057
2213451
2239450
3308570
2239426
2307960
2584301
2277786
2875977
3270939
2102900
2780437
3368971
3318745
2241994
2050609
2050641
2171503
2138239
2500841
2112671
2044110
2044080
2111020
2164205
2139014
2255898
3264068
2531879
2531801
3037002
2195682
3323030
2093260
2971518
2208660
2276038
3274535
2241366
2206480
2263688
2061325
2204533
2109387
2500515
2875373
2302560
2288087
2293293
2592355
3125629
2896613
2190214
2266121
2550806
2728680
2527421
2846020
2071070
3016129
3242331
3256936
3259609
2918072
2285096
2602024
3017630
2283816
2880954
2263076
2121271
2846195
2145910
3061884
2981327
3040240
2161044
3123871
2932849
2173344
2101688
2054949
2274728
2275430
3326748
2151286
2133245
3347699
2022770
2022729
2565412
3084230
3253538
2062836
2283557
2918528
2745682
3065936
2867192
3074668
2843200
2921944
3347486
2281120
2526093
2267039
2210517
2312930
2165929
2319764
2129299
2109670
2293668
2665360
3077160
3361063
3044513
3012476
2108755
2278928
2108283
2068109
2068168
2223341
3017257
2832488
3026833
2299100
2211130
2234009
2211556
2204711
2654679
2239230
2142252
2264951
2298007
2745283
2198509
2162962
2631229
2210207
2235218
3017230
2175258
2943557
2312743
2453592
2848040
2322463
2213958
2157098
2210967
2155389
2270242
2290561
2270951
2178826
2231875
3385205
2297388
2183293
2194635
2399148
2244047
2575582
2290162
3334457
3063437
2248263
2357160
3021505
2300060
2274450
2985128
2299747
2232545
2125730
3385647
2225301
3299864
2299275
2267330
2995344
2463598
3311570
3380319
3378489
2230593
2508290
2944405
2322382
2183897
2827697
2083388
2327503
2323630
2595435
2321068
2945550
2026694
2026651
3380696
2052580
3365158
2879638
2111063
2293579
2821745
2209390
2284162
2227630
2113600
3282503
2169371
3331130
2065851
2065932
3314430
2578760
2851300
2197677
2204258
2288761
3393232
2043734
2204428
3275604
2085208
2085119
3344703
2798069
2325489
3021033
3301060
2900696
2825112
2077884
2018586
2225344
2709724
3036880
3395740
2305690
2168782
2302586
2845024
2220652
3246329
3357945
2200880
2139510
2256894
3359964
2320096
2242478
2254557
2093847
2093901
3001954
2149338
2154277
2061198
2717212
2320193
2317281
3383806
3049078
2339269
2203863
3315568
2032562
3264211
3287980
2280280
2117703
2287285
3322947
3364968
2128705
2316927
2151316
2223449
2117479
2117541
2168430
2888696
2168669
2849771
2370808
2370859
3306798
2171228
2168863
2045427
2045397
2311542
2222914
2222965
2120003
2798255
2931150
2981408
3295036
3323218
2854430
3011569
2572907
2277972
2989379
2294923
3257932
3003256
3074781
2889870
2822288
2995808
2468921
2278014
3345955
3008550
3100251
3274144
3279391
3360164
3323072
2327970
3251365
3265544
2272784
2312549
2391708
2183986
2088746
2189160
2576341
3274420
2288567
2308380
2277034
3377032
3218562
3385450
2725819
3002128
2199238
2302667
2210037
2248301
2245647
2231360
3044785
2183110
2668114
2848236
3335348
2678012
2216400
2209675
2110016
2638657
2243857
2306379
2106639
2927896
2062496
2062526
2327953
2525941
2261120
3256804
2096897
2074990
2075067
2169290
2239973
2058219
2966387
2804824
2324458
3097196
3049256
3377610
3089584
2574845
3022781
3123545
2777738
3370100
3247821
3078124
3322165
2882590
2256215
2857340
2055198
2057190
3384462
3041964
3339750
3097293
2831244
2501422
3086496
3328660
3026493
3016498
2844141
2774950
2805685
3361845
2846659
2491583
3087018
2876752
3097358
3026035
2206617
3044254
2995603
2804336
3379981
3382265
3378691
3282007
3395405
2745011
2953668
3041506
3260909
3355810
3244393
3014380
3377970
2836408
2898012
3065855
2549980
3329054
2323710
3011216
2893630
3345947
3306445
2758750
3074714
3129756
3365280
3259846
3289516
2838176
2301067
2164051
3096793
2105616
3013553
3016200
3357740
2273691
2984571
3000460
2921073
2119838
3353745
2183064
2193922
3313875
2149796
2310570
3361080
3289044
2298309
2878321
2989646
3259340
2251213
2300230
3082598
2500078
3367096
2664313
2237652
3122409
3381749
2293617
2290790
2893029
2284120
3283070
2237202
2238802
2900270
3049205
2929864
2255103
2126770
3318265
2303868
3027198
2610299
3318206
3323714
2212390
3305643
3378578
3085953
2899841
3023176
2898535
2871912
2956934
3321746
2193701
2480662
2192241
2006790
2006731
2239167
3392724
2159325
3300617
3295753
2220369
3257770
2854295
3021815
3127540
3334260
2108712
2164078
2119340
2202999
3329070
2402165
2111128
2266296
2248867
2196476
2254689
2252635
2242923
2097400
2109689
2109700
2293897
3124150
3365085
2602687
2326175
2267268
2820650
2489465
2570246
3310051
2831147
2218160
2265354
2853817
2319896
3323471
2220539
2606739
2195429
2183633
3382397
2260530
2655225
2154323
2162644
2235706
2102145
2295598
2110725
2568136
3306763
2269074
3373096
2258960
3241416
2322129
2167247
2846780
2098695
2320339
2291924
2257904
2235536
2242320
3032345
2200317
2099381
3252485
2065495
2230348
2137070
3076520
3317315
2179474
2751518
2326825
2206013
3014673
3321231
3381986
3372553
2184176
3097323
2879379
2827654
3264149
3311457
3358011
3122514
3348970
2479230
2199661
2309920
3287688
3285359
2847540
3354172
2503913
2144808
3274314
2190648
3046494
2300850
2143933
2222329
2222353
3093557
2190141
2269201
3248666
3123553
2690349
3392244
2885077
2828545
3336603
2855461
2866285
3395839
3018865
2137526
2633981
3033643
2112604
2114976
2114933
3314685
3350819
2128144
2279282
2265621
2280167
2171660
2023024
2111888
2053942
2664046
2104059
2122782
2147211
2226910
2284898
2272466
2227282
2664887
2066181
2115662
2056666
2303736
2133156
2798000
2233347
2157632
2393620
2225883
2218461
2227320
2223201
2162245
2027410
2199157
2027402
3076253
2117193
3322602
2898365
2245736
3323480
2836033
2261774
2893380
2233258
2083523
2121492
2121409
2186365
2160790
2235463
2313936
2214393
3014266
2303507
2875683
2620758
3393950
2139162
2180847
2413868
2059320
2318164
2318113
2099055
2187043
2803828
2221373
2225638
2092310
3286266
2054329
3385914
3287831
2065355
2232340
2662817
2107422
2107457
2322064
2216965
2932091
2273918
3293637
2054256
2271311
2244632
2244578
2774593
2157209
2126214
2210835
2519186
2369427
2369486
2305798
2212900
3074056
3259552
2952025
2162890
2530090
2239329
2466295
3237176
2479400
2593548
2158302
2710960
2227550
2240572
2386798
2998211
2953820
2864002
2052270
2565595
2316501
2100495
2664747
2188279
2256991
3304540
2221276
2154196
2154609
2204622
2188791
2121980
2179938
2179903
2092867
2775379
2188090
2062402
2114682
2160986
2096919
3008703
3241246
3371972
2812118
2526646
2130173
3373932
2963590
2222973
3250318
2153718
3287319
3123570
3086070
2249863
2436442
2239752
2178559
3394034
2510170
2051885
2021064
2298554
3005127
2255774
2290901
2212951
2309041
2234297
2293374
2073315
2410451
2550040
2225190
2184745
3030164
2459558
3347737
2680920
3384209
3241777
2225441
2197820
2103869
2876043
2203138
3099270
2061813
2663759
2003902
2991616
2137992
2285487
3372022
3390748
2063565
2118408
2266202
3357783
3033430
3394611
2531593
2337916
2289415
2269775
3383610
2166259
3391167
2285347
2156229
2846470
2193647
2193434
3099709
2198312
2576112
3270068
3370020
2849020
2201780
2969882
2323680
2071312
2168898
3092305
2874857
2955555
2955636
2169339
3336069
2245817
3302237
2460840
2059614
2305003
3018520
3285677
2301229
3250032
2929007
2322935
2883520
2892138
2015749
2015811
3260631
2255944
2074125
3078280
3244016
2670615
2237326
3382672
2984776
2994380
2277123
3044866
2234912
2927047
2183862
2171449
3308383
2267721
2855518
2231247
2136600
2103320
2303582
2881446
2366991
2141787
3387968
2261294
2057239
3081770
2203359
2267667
2971658
2253321
2130262
2653591
2207532
3324451
3243737
2788845
2222701
2267063
2103788
3050700
3263207
2127334
2009412
2009480
2385520
3033791
2199025
2171716
3088987
2268817
2583585
2080257
2681129
2818698
3262766
2208946
2132524
2110873
2925117
2420090
2010224
2010305
2526190
2622190
2280647
2159163
2706016
2202670
3367894
2310007
2215926
2122227
2507218
3246752
2095327
2792257
2274116
2261464
2273764
3066355
3281485
3328619
2160480
3075052
2401231
2200287
2890763
3271242
2265125
2814897
2215640
2110750
2235080
2151138
3270165
3392040
2195453
2082969
2372134
2116839
2116758
2267357
2135094
2082012
2794314
3376680
2315521
2184150
2278197
2198568
2259303
2184583
3377407
2098865
2094720
3253635
2692007
3252124
2574977
2204061
2200791
2163292
2165392
2491389
2054973
2950936
2214261
2029189
2029260
2836777
2237440
2162369
2232936
2231263
2284340
2117266
3292266
2708680
2159228
3238792
2585545
2101343
2106663
2073161
2322641
2202867
2175770
2238462
2271532
2160544
3324885
2112833
2198649
2198681
2167042
2294800
2598051
2112418
2196000
2261359
3085163
2968266
2701766
2268493
2223678
3296717
2439476
2321904
2115220
2141132
2277212
2208776
2265524
3336921
2107775
2240882
2008114
2008084
3358755
3241513
2980274
3318370
2301628
3125874
3366286
2084937
2018659
3258270
2217791
2182360
2196930
2878984
2933950
2160579
2124181
2005620
3358259
2538113
2002175
2002140
2104245
2104318
2305062
2197600
3375790
3315754
2116693
2295920
2817896
3034429
3043142
2848392
2915545
2685639
2422859
2899671
2848856
2954206
2934841
2992043
3258327
3078310
2313510
2260000
2260026
3389260
2253348
2277050
2166674
2723654
2236818
2321718
2280132
2861500
2172208
2180260
3369331
3272460
3024385
3383091
3007146
2292050
2439760
2236591
3372286
2053098
2883961
3298736
2230470
2267527
2505398
2160030
3052877
2244713
2238551
3057267
2577844
3053083
2290600
3250520
2847132
3001369
2091372
2220288
2315351
3395308
2167760
2130335
3014312
2217384
2227207
3381951
2015005
2905655
3087280
2275031
2186802
2325160
2133458
2567075
3124630
2651580
2291754
3366391
3043380
2559307
2225964
2206692
2084660
2017806
2017857
2138360
2108500
3286088
2236680
2260301
2577666
2250624
3103161
2849410
3294234
2074923
3333019
2831546
3242528
3024954
2308266
2585162
2244349
2918030
2067013
2067030
2154510
2744490
3261700
3263584
3091295
2138492
2075245
2183250
2173298
2756307
2223414
2166194
2977974
2887703
2191296
3381625
2305429
2083418
2242494
2085534
2304368
2707489
2298864
2170329
2049597
2059398
2211645
2267560
2051524
2145332
2190613
2168120
2219417
2243172
2243083
2119935
2059991
2202352
2320410
2064707
2739623
3336395
2228831
2112698
2904381
2897962
3086216
3041751
2142333
2131790
2174944
2025132
2025183
2248972
2173930
2237288
2304236
2024144
2233312
2970236
2206927
3387488
2085801
2085747
2241668
3275043
3292762
3003590
2671840
2182319
2392607
2369249
2283247
3056163
2179580
3374858
3077845
2893983
3096157
2268981
2214091
2098520
3028577
2176424
3324524
3365964
2067781
3331890
2186993
2063549
2631407
3124452
2870550
2847191
3291987
2682788
3344347
3101045
3024792
3372812
3248682
3242790
2298490
2603187
3354962
3276783
3243567
3290964
2878968
3294404
3123626
3037762
2802457
2321564
3350908
2190680
2884275
2140560
2301490
2928795
2907070
3023400
2275694
3263630
2562707
2534061
3393291
2886588
3125700
2294397
2516489
2870592
2297302
3280268
3086321
2837536
2269287
2822415
2195895
2321556
2870398
3022617
2221144
3303381
3341798
2834677
2230208
2893185
2975742
2991373
3255115
3098869
3023478
3392872
2295792
3262910
3280942
2618303
2996103
2886120
2976943
3126145
2981459
3392660
3383598
2949580
2881322
2142244
2920115
2197197
2220768
2317257
2153785
3255298
2174979
2104970
2853973
2309505
2250071
2110946
3273369
2150506
2150441
2369222
2099446
2099454
3003426
2054191
3353567
2209500
2624788
3037096
3259021
2875055
2173417
2837463
3255735
3027740
3365093
3250890
3384004
3012352
2130947
3315991
3023087
3239080
2882574
3367959
3262057
2178630
2080931
3254542
3376583
2151421
2674866
3061833
2799987
3242374
3017559
2872765
2529211
3312160
3282716
3093417
2938111
3250393
3089800
3262553
3101100
2803445
3334856
3092453
3270505
3248097
2987880
3363295
3286150
2801752
2273756
2299380
3089185
2901269
2236052
2032244
3096823
2276283
2273420
2236575
2730065
2261430
2224682
2224640
2269422
2250780
2297868
2261499
2222582
2248360
2839148
2323656
2311011
2840170
3043479
2665077
3244512
2046024
2046105
3077403
2247860
3097595
2858118
2297515
2282453
2245965
2320150
2241544
2150875
2152959
2033348
2139987
2490250
3338550
2845733
2917939
2636492
2695804
2234246
2263750
3326217
2158221
2326450
3394948
2024020
3292681
2215691
2321831
2128900
2294168
3123715
2096277
2074281
3296628
3043568
3017214
2874920
2803623
2212765
2099322
3255247
3238415
2635550
3093689
2437651
2953064
3281183
2209543
2210118
2396564
2225476
2982315
2251132
2068559
2267187
3325270
2275538
3039382
2038943
3093913
3091430
2575108
2820846
2287358
3249328
2909510
2518775
3360695
3019713
3078035
3325571
2210819
2321190
3254836
2254565
2163640
3019195
2184699
2096307
2883104
3279260
2924340
3019985
2180960
2180871
2138930
2161990
2175312
2149249
2064936
2123347
3364801
2246015
2103192
2913828
2719673
2983184
2044471
2044390
3073572
2315734
2786230
3280772
3382052
3019470
2182130
2210894
2210878
2209802
2205076
3049450
2176491
3238504
2713004
2104555
2272792
3357929
3237257
2795787
2201526
2167158
2168570
2168618
2123193
2716810
3286827
2651920
3070506
2308312
2251965
2021617
2021528
3078507
2124335
2255340
2054698
3301001
3042111
3346099
2060809
2060850
2264200
2215896
2160994
2936615
2279975
3278107
2192870
3389995
2155796
2152738
2229005
2252490
3291618
3037460
3379450
2161710
2037645
2203804
2133083
2133121
2279304
2065576
2147009
2260190
2015633
2015722
2119870
2664550
2138476
2138468
2081873
2060353
2014521
2014602
3098630
3254097
2066041
2227371
2267977
2191091
2181258
2181207
2133580
3256111
2528894
2067820
2284820
2354381
2146223
2255634
2228424
2786966
2131439
2129043
2711966
2058359
2058308
2143500
2487578
2054361
2735199
2293609
2273110
3085554
2690268
2427982
2161109
2049503
2197146
2098547
2155800
2207010
2157853
2962071
2044358
2312794
2121069
2197286
2236354
3326268
3068633
2020254
2126516
2147777
2116170
2274817
2664585
2737035
2905566
2101149
2367726
2650118
3292533
2133750
3288315
2309297
2099888
2287480
2910632
2072912
3104362
2551314
2263335
2033852
2033801
2318660
2902141
2269988
2566770
2966840
2039656
3053466
2564041
2313650
2272008
2327546
3384179
2160811
3246825
2187701
2128969
2658496
2510421
3000958
3381544
2037807
2037874
2233010
2138395
2111543
2183846
2170728
2208342
2741164
2100770
2217031
2139022
2061899
2092093
2092166
2370263
2106779
2146681
2042029
3340635
2187876
2151634
3385329
2234360
2836289
2895790
2903091
2930099
2246104
2386593
3088537
2160862
2069660
2068990
2092395
2068923
2699257
2290715
3088499
2103893
2194767
2892600
2092905
3106187
2156903
3311350
2039010
2061570
2054566
2245280
3381293
2093430
2758466
2232855
2049090
2049120
2856581
2791714
3309673
2885620
3086402
3023559
3093964
2949660
3295010
2641534
2178400
2178451
3100308
2855305
3379744
3350720
2287455
3393518
3240827
3338592
2906309
3364097
3389880
3340309
3094030
3084795
3026892
2962837
3028070
3364879
3387275
2952939
3327086
2867524
3316319
2214539
3350568
2992094
3258106
3242722
3061426
3078990
2826283
2836564
3016978
2817233
2099586
2172500
2112361
2314959
3329283
2101505
3092526
2307243
2201127
3082938
2251310
2099152
2052520
2191393
2102927
3297420
2544261
2196727
2090791
3368467
2264749
2135116
3259137
3363074
3103048
3325300
3239160
3239527
2291134
3355292
2167387
2167468
3026566
2100215
2100240
2100452
2313170
3310710
2311275
3021440
2261855
2224968
2225026
2152134
2152800
2216248
2051672
2034735
2034786
2240793
2250705
3352749
2283913
2103451
2134314
2037564
2037548
2499843
2256169
2152487
2025280
2025370
2106493
3027414
2283867
3378349
2323915
2195615
2425416
2227711
2039036
2076764
3281523
2262835
2338580
2116340
2243504
2243520
3363490
2208741
2087111
3106900
2388987
2145464
2896036
2324300
2093693
2036487
2049252
3373770
3354369
3026671
2733161
2947056
2080699
3019772
2851881
3086712
2200244
2033666
2253143
2276577
2259109
2171074
2901668
2201003
2854864
2064316
2163560
2072106
2072041
2280060
2699664
2031060
2283433
2404176
3246477
2125811
3240436
2653699
2118980
2316064
2370638
3048276
2311119
2264331
2251086
2502607
2932032
2805570
2240300
2272873
2180448
3355985
3306690
2145197
2276186
2019205
2019183
3302458
2213591
3106659
2668041
3097242
3340007
3333396
3029468
2101610
3021246
2819031
3348458
2274949
3306844
2214334
2224356
2172801
2490099
2786281
3317846
3075141
2298228
2157381
2745178
3333256
3000397
2183315
3395081
2088690
3299406
2230836
3345300
3241572
2905426
2834537
3022714
2083884
2083817
2010534
2010445
2162539
2962691
2928116
2260719
2145081
2089009
2804867
2840979
2241145
2274752
2951029
2886430
2819678
3268934
3383229
3001440
2369214
3316424
2285789
2138565
2888319
2242419
2192390
2163179
2367270
2095270
2125889
2563843
2104148
2104091
2044692
3064093
2132745
3079317
2185547
2801051
3099350
3035093
2296845
2177242
3334597
3274071
2246163
3385566
3088553
2898144
3306887
2634660
3260119
2839237
2934426
2453118
3013995
3362710
2834464
2147971
3124428
3360776
2274892
2238357
2831589
3019853
3027899
3325482
3039790
2251400
2286459
3125378
2022346
3029786
3094138
3094189
2973235
3105288
2213877
3065480
2307740
3088618
3023273
3076040
3299511
3046583
2235188
3101606
3016269
3345041
2296543
3027651
3025551
2857391
3012972
3027457
2898195
3277020
3260798
2220822
3327531
3379205
2986485
2939940
2299143
2884631
3240398
2148943
3259927
2948184
3023370
2271605
2906392
2822156
3352587
3243290
2635658
2986183
2147688
2936801
2260484
2829240
2931915
3266427
2769891
3361985
2567490
2233460
3362469
2165813
2257025
3213757
2192691
2140926
2301156
2285649
2130696
2045753
2045834
2142279
3393682
2250543
3040860
2248581
2992809
2566532
2390809
2314363
3063968
3030784
2207796
2995743
2191369
2216493
2333015
2091488
2317117
2064189
3094430
3317030
2229331
2852373
2041820
2041782
2853604
3350061
2134381
2498324
3254178
2943182
2299550
2023474
2023415
2030845
2174421
2241285
2211858
2037467
2244829
3097129
2461170
2124491
2124513
2280450
3389600
2290073
2312603
2025264
2196654
2126877
2308789
2283921
2018683
2313260
2011034
2052326
2205289
2010046
2010089
2312093
2322161
2191601
2166011
2012588
2304732
2194309
2748541
3103536
2201941
2966280
2287544
2020939
2030616
3382753
2173883
2278405
3270998
3105717
2937417
3107140
2219018
2841525
2086328
2246260
2288281
2876116
2276992
3091350
2948389
2360128
2954770
2873397
3312534
2137283
2161931
2865920
2866030
2338130
3094391
3041786
3077616
2688549
3012573
2692490
2027356
3296385
2237849
2326183
3352803
2755378
2272725
2066092
2884038
3015335
2945088
2259036
2199300
2141418
2226111
2226057
2075687
2042533
2920310
3346528
2307880
2972280
2074214
2074265
2048655
2048744
2655438
3359611
2870860
3047415
3239314
3318311
3124223
2102390
2101556
3106632
2242184
2237067
2093510
2093596
2143810
2276640
2226383
2255014
2162830
2122049
3249301
2574926
2876159
2894181
2016222
2016192
2934582
2524112
2293773
3247180
3024024
2662043
2661985
2832836
2181479
2104792
2104717
3265480
2243687
2197359
3030350
2840081
3102750
2298660
2052105
2637170
2218577
2276305
3356922
2901048
2990067
3045269
3309304
3387550
2074613
3329151
3329488
2297469
2395193
3076229
2501040
3067807
3378314
2214075
3347630
2250217
2284952
2201470
2150026
2217414
2099462
2216868
3242366
2851687
3041336
2963892
3021270
3320529
3267121
3126170
3271544
2149079
3387925
3303870
3290603
3359883
3389383
2300885
2645050
2832461
2291223
2928884
2243695
2243741
3304930
2167590
2026481
2934035
2218534
3334007
2122880
2122855
2041766
2282747
2285665
2411709
2120925
2196212
2180421
3043312
3255581
2127539
2252872
3250113
2177838
3256170
3260194
2801337
2107368
2275163
3386163
2037408
2037351
2080109
2303949
3365379
2051737
2113341
3382591
2198444
3036014
2893282
2208717
2944626
2201380
2116260
2823551
2230135
2193124
2108330
2108348
2164850
2989700
2254360
2378604
2976188
2252180
3338657
3385299
2394782
2168383
2837196
2240505
3094600
2183722
2182750
3092356
3259285
2244438
3277305
2075431
2133881
2217996
2265451
2365456
3276945
2883449
2854740
3323544
3294188
2917793
2954001
2904454
3293017
2805219
2963094
2311968
3050033
2092360
2927454
2504723
2090066
2069466
2069555
3075826
2550725
2608189
2270854
2244128
2687712
3121500
3077489
2385295
3086879
2264358
3248054
2071240
3011151
2143445
2854830
2190133
2213206
2286645
2281570
2194953
2846179
3378101
2517795
3365581
3389227
2708434
2409674
2143003
2388766
2943930
3018415
3338533
3121577
2034530
2034581
2635577
3025560
2700344
2292734
2125374
3020711
3305996
2187167
2730596
2415194
2301903
2094991
3361390
2274957
2314509
2254298
2902060
2907372
2204770
2232456
2097486
2304201
2275759
2220407
2932490
2367920
2367866
2376300
3350410
2311240
2082594
2082543
2302730
2317516
2160692
2771608
2199602
2013240
2013312
2730006
2992310
2135388
2219999
2430746
2462249
2269015
2117339
2185555
2142341
2607212
2996375
3265048
2196972
2285258
2260360
3242501
3345459
2222760
3056651
3248933
2153645
2207842
3302474
2669536
3326330
2193000
3391523
2286084
2275350
2024438
2998793
2050250
2323419
2071789
2205653
2227410
3033732
3034666
3294102
3069460
2040280
2157144
2877449
2079224
2018993
2548356
2720205
3392104
2015528
3000419
2189798
2190630
2039974
3046320
2664763
2506971
3041700
3091120
2018829
2189402
2180464
3301494
2460424
2243903
2308070
2180219
2957159
2957205
2157675
2319748
2083086
2202620
3289931
2180405
2843480
2310473
2154102
3016692
2139600
2576724
3390012
2283034
3015920
2319420
3331156
2186390
2313405
3363210
3373223
3302555
2430002
2499851
2929414
3049663
3283410
2948893
2459795
3290000
3105970
2491826
2117614
3336239
2147378
3324494
2172372
2749513
2077604
3264696
2848317
2065185
2869829
2212587
2265400
2263190
2032066
2186853
2152991
2204169
2202077
2851989
2159490
2259125
2125021
3259625
3392589
2182610
3321630
2218313
2030454
2877120
2972646
2392046
3390624
2421160
2165694
2906511
2842149
2298902
2139758
2279576
2425726
2233835
2305682
3243036
2272300
2174057
2093324
2187647
2485150
2220199
2111578
2171830
2036622
2829673
2854724
3126005
3355845
3029956
3386341
2188848
3383040
2264617
3383938
3286460
3258831
3088669
2163535
2294966
3362817
2905620
3019691
2282534
3329968
3330419
2296322
2842289
3368025
2996618
2294214
3326411
2147734
3096190
2199521
2232820
2198010
2080788
2129396
2667541
2032783
2032805
3243516
3063771
3385701
3358364
3217450
3353788
3101495
2954680
3067491
3078515
3381650
3325903
2226286
2664615
2109948
2076861
2076810
2176343
3093573
3068188
2206994
2087537
2297590
2179644
2042363
2042444
2323044
2230690
2046504
2273608
2035294
2035359
2187710
2418320
2897423
2075628
2298732
2992299
2229986
2229960
2094568
3285332
3254844
2324989
2071762
2103494
2103540
2251647
2033747
2214164
2239396
3121895
2052776
2609304
3314197
2205955
2512041
2065061
2097974
2097907
2184338
2941538
2282992
2032589
2032635
2142635
2943310
3390233
2267942
2116669
2278740
2058146
2157306
2302373
2262991
2435314
3267563
2288982
2219247
2080494
2168529
2252244
2076063
2075997
2295385
2287854
3271625
2144280
2205769
2284707
2259397
3321797
2293196
2311356
2190923
2292955
3072045
2251736
2116472
2279797
2439620
2271460
2048817
2048833
2635704
2189399
2856000
3377474
2246406
2065371
2085690
2734176
2063964
2243431
3316513
2262428
2220466
3377288
3037177
2976838
2089556
2104423
3342522
2147033
2154714
2019353
2852454
2128225
2261014
2026929
2026961
2273675
2136929
2071215
3359913
3361586
2091968
2082322
3122085
2325918
3345645
2289210
3042855
2810760
2117169
3240177
2878747
3386333
2322986
2270021
2087448
2967901
3272664
3324826
3303551
2019736
2019825
3324656
3087425
2286394
2205777
2150654
2274574
3363899
3316360
2278367
2338050
2183196
2831023
2319799
3344150
2930633
3031454
2103710
2209047
2023369
2023300
2049015
2054027
2070367
2664380
2052504
3316505
2368471
3086747
3080498
3122190
2897121
3280535
2961482
3338312
2596440
3363813
2685914
3051633
2301318
2683083
2228599
2086530
3242056
2178850
2084511
2264250
2917750
2843722
2836440
2108011
2700026
3028992
2269040
2323796
2160498
2061040
2081954
3294048
2092964
3052753
2403633
2559862
2212676
3356531
2888912
3279677
2045028
2044935
2613441
3344380
3242137
3027295
2651831
2838702
3276546
3337081
2973146
2832356
2903997
2242729
2561760
2087138
2055554
2775301
2143569
2029901
2029928
2900580
2200961
2141523
3124339
2245140
2289105
2046709
2046652
2241390
2120160
2120135
3310159
2206382
3242145
3323110
2206307
2141108
2038331
3322297
2664330
2118556
2187612
2080001
3290743
2120992
2930889
3243850
3026531
3092151
2988720
2277549
3096998
3301885
2246473
2069873
2064847
2976650
2277590
2198762
3332888
2833123
2049481
2127946
2058820
2196883
2168367
3249379
3337308
3293548
3102947
2295512
2664674
3237435
3060691
3105822
2595699
2843617
2990849
2252015
2938960
2062585
2237989
2190729
2094649
2162075
2145545
2033275
2033313
3275760
2053748
2145405
2234700
3239055
2005778
2005859
2246546
2200570
2169517
2205807
2201267
2902630
3277240
3382796
2087561
3014878
2929074
2155281
2116073
2115999
2046717
2167697
2144670
2144379
2213680
2175363
2246600
2137240
2116928
2311658
2231204
2146150
2337380
2011956
2011883
2258269
2870819
2316137
2011085
2827271
2222167
3054462
2955849
2136252
2268000
3274268
2114429
2176122
2072505
3280977
2140519
3282309
2119030
2325268
2259575
2110040
2043351
2043432
3248003
2633213
2905957
2526301
2338530
2755050
2755009
2307995
2809133
2152568
2287935
2940701
2139464
2976374
3261450
2057808
2300168
2049821
3087484
2133326
2173670
3024709
2299577
2996189
3279995
2246686
3305651
2162296
2048426
2048396
3320146
2231719
2130653
2207281
2223929
2326272
2187205
2664534
2223554
2109174
2158493
2249383
2136201
3362035
2044170
2168545
2009897
2021978
2217112
2009846
3040429
2368960
2212250
2158639
2089440
2218615
2246767
2204312
2098121
2318377
2279410
3328732
2316420
2129370
2081938
2093367
2051931
2133008
2039133
2132540
3055388
2005050
2332418
2072726
2135140
2135191
2045966
2533774
2064006
2224852
2011298
2011204
2060272
2320916
2955865
2143119
3373673
3358968
2237733
2191008
3077985
2219077
2598299
2057263
2480131
3258750
2169851
2148919
2260450
2845407
3269736
2194333
2321122
2283310
2303809
2099780
2192349
2206730
2290677
3123944
2294036
2034611
2034700
3272494
3283666
2088398
2323184
2169193
2221691
2008742
2127733
2377870
2216523
2109433
3345270
2067102
2980444
2299216
2229919
2367602
2062224
2156504
2302853
2314606
2081210
3284816
2237911
2224763
2303558
2086107
2086026
2243032
2151022
3375374
2056135
3391248
2086697
2112256
2112280
2156385
2068648
2149699
2194295
2241161
2286998
2158930
2299623
2145863
2069750
2211173
2249812
2193779
2153050
2415623
2185792
2905795
2190460
2123819
2056747
2133377
2157802
2228530
3026329
2174448
2116715
2310198
2296152
3240312
2308517
2952459
2194406
2133237
2312646
2154749
2215390
2528070
2789795
2163411
2244543
2296586
2685701
2049317
2101114
2101033
2055430
2153700
2092620
2092603
2302900
2282380
2395746
3299970
2084023
2118572
2168073
2070243
2070170
2235781
2717603
2227762
2157934
2059533
2225417
2280400
2255197
2087847
2240424
2022648
2022656
2096994
2063344
3288544
2138077
2842882
3322629
3394786
2069423
2258331
2828065
3378969
2058910
2836068
2231034
3388646
2184621
2091119
2175460
2090945
2091003
2044501
2044587
3371638
2092026
2172283
3122115
2325721
2065134
2319870
2190036
2131048
2134233
2213362
2325349
2900424
2265907
3259242
2248727
2203626
2104890
3266052
2226154
2061791
2072416
2136945
2995255
2169215
2368056
2368129
2130980
2185474
2289075
2665824
3291286
3328597
2069598
2675617
2186110
3006476
3265366
2528525
2424614
2213672
3063631
3352374
2270684
3092658
3390772
2282518
2246775
2162555
3311538
2151146
3320766
2062275
2122600
2099217
2054922
2246864
2274876
2960869
3351483
2116600
3302296
2161796
2290278
3383164
3271994
3316548
3345599
2084813
2172941
2745763
2254026
2274400
2906538
2042070
2365693
2365758
2067200
2083612
2083663
2236907
2999595
2046881
2273381
2205963
2148587
3024628
2121204
2326370
2161214
2258102
2089092
3336891
2274698
2096722
2051605
2184214
2104024
2131129
3387151
2081156
2133393
3099040
2140489
2119463
2108461
2135051
2077450
3268187
2113686
2054914
2137160
3326071
2888548
3085082
2281546
2235803
2153106
2785196
2319985
3057178
2047284
2367130
2367084
2283018
2054140
2088703
2254166
2292785
2184958
2185024
2133024
2456788
2119277
2026392
2026341
2065592
2225581
2303655
3305082
3276260
2907623
2039087
2039117
2276615
2069172
2370689
2370743
2040077
2040026
2060965
2775182
2108941
2267870
2614103
2225786
2160285
2160307
2665255
2953307
3124819
2080320
2080397
3358798
2181010
2246937
2204916
2218070
3389758
2148188
2556782
2078333
2067838
2026830
2026872
2140896
3337235
3363767
2279924
3334201
2248492
2186683
2259729
2089890
2272989
2942313
2309955
2562251
2221446
3354288
2304716
2293790
2253631
3241599
2547899
3279936
2079720
2708175
2230801
2257513
2259885
2618923
3321959
2008882
2283409
2320967
2057107
2114186
2180073
2113740
2191164
2113279
3351076
2118173
2026619
3106535
2283395
2002728
2002647
2176661
2216655
2948346
2250802
2250896
3057585
2167239
2259290
2878100
3265293
2435772
2435667
2748215
2253976
2056623
2060655
2667061
2077370
2060043
2293919
2142007
2295229
2036495
2041596
2254778
2100878
2088037
2259915
2274647
2147424
2273942
2317001
2754282
2192071
3070760
2021226
2133962
2909952
2999862
3270424
2454483
2131366
2611813
3262618
2107619
2100150
2216590
2165899
2211327
3303900
3309207
2125218
2125196
2275627
2090309
2090350
2950006
2247011
2615614
2139073
2271753
3289850
3365131
2082390
2944057
2287110
2129620
2293978
2178290
2189666
2652579
2829592
3352188
2812827
2899353
2843358
3342034
2300710
3241807
2136473
3292410
2254980
2366762
2271710
3352315
2057611
2143658
2293706
2135370
2595990
2083205
2057689
2249634
2909189
2072220
2824183
3080137
2042797
2042835
2195224
3242870
2098270
2316340
2203111
2247100
3122310
3031322
2223317
2932768
2088916
2234505
2073323
2073382
3079040
3355128
3349861
2803321
3038637
3362256
3041387
3249972
3298370
2289849
3366510
2844931
3090507
2579006
3365425
3240096
3274900
3126595
2293943
3395499
3361977
2575396
3373509
2816555
3237729
3260810
3012883
3371760
3090353
3279669
3122433
2857260
3047954
2527839
3258084
3020770
2901293
3020339
2236109
2236060
2244560
2520508
3352072
2135809
2342030
3259471
3275183
2071142
2418843
2153556
2114674
3268543
3381250
2268205
3284204
2194821
2305496
2854686
2047721
3312259
2196522
2203677
2516314
3351050
2857138
3031861
2170795
2295970
3294501
2068044
3252710
2160137
2285940
2066831
3281302
2274531
3291413
2307316
2142309
2236281
3302423
2082101
3239578
2256622
2664178
2231387
2838273
2845660
3348806
3246213
3278565
3291111
3381072
2900505
2845130
3389790
3102670
3056015
3253708
3315061
2954893
2855755
2789884
3273830
3125840
3254259
3387399
2465078
3323692
2296934
2939177
2313324
3268900
3369110
2317966
2290235
3345327
3253805
3374610
2324253
2207710
2233142
2725282
2213311
3355420
2180308
2169452
2541297
2759926
3335259
2464039
3077071
3394450
3278409
3078469
3388760
3068439
3343553
2296705
2215276
3341496
2884240
2907925
2983737
3279332
3258963
2937557
3020525
3303500
2484820
3263886
2293129
3291138
3306615
3329038
2253569
2897849
3238431
2814072
2324725
2875187
3079716
3275540
2951487
2735350
3125530
3324311
2930269
2953714
2926067
2106434
3345831
3265412
2311810
3329429
3321282
2872706
2252430
3326314
2884666
3360040
3356051
2326140
2896079
3122646
2189577
2398990
3328406
2575337
2052989
2053012
2832550
3346277
3076962
3325105
2877198
2177765
2177692
2583739
2854589
3354601
3261379
3394468
2908069
3369773
3283054
2878232
2398001
2921146
3038270
3252582
3250199
3274810
3374360
3336085
2291495
3263070
3124045
2636263
3070174
2913941
2422689
3377741
3298850
3093832
3027090
2868830
2021641
2021730
3316092
2922509
2171961
2251779
3028437
2182220
2291827
3379884
2123274
2071622
2166836
2575485
3090388
3284778
2975653
2078961
2079003
2161362
2589427
3336336
3369218
3290662
2155150
2623951
2150840
3089410
3055450
2142910
2268264
2123991
2123967
3355969
3089827
2227150
2867109
3252337
2700689
3298213
3271129
2187752
2397501
3327612
2496011
3087387
3096912
2841797
2888009
3307166
2853868
3019284
3238156
2272164
2072270
2021935
2021889
2005670
2005727
2028425
2276089
2275848
2229480
3299147
2307111
2292971
2295679
3068501
2088681
2451786
3026728
2883902
2281031
2953021
2284219
2073889
2073811
3288013
2231638
2323842
2203944
2295482
2223899
3355624
2164779
3242013
2180022
3332128
2033402
2033453
2845610
2181789
2232260
2137712
2287951
3012646
2829894
3020436
2940965
3025438
2906414
3086933
2085445
2085500
3012891
2153300
3243150
3287289
2877716
2270293
3102114
3101525
2299526
3103005
2063328
3086992
2803542
3036383
3376850
3259854
3020290
2285533
2253054
2224577
3037991
2241617
2094304
2053837
2076934
2202417
2896362
2215250
2190540
3276864
2113104
2306123
2194465
3307891
2413370
3089045
2232626
2172828
3028020
3039153
3247651
3012719
3274454
2048000
2515180
2977451
2961890
2928272
2906600
2850907
2321980
3384926
3333469
2891174
2224070
3073920
3313590
2120500
2972832
2126389
2125161
2125110
2285746
2199092
2162989
3353400
3393500
3328260
3272141
2044889
2152690
2165058
2105497
2268582
2367319
2325993
2288427
2171490
3346200
2213117
2262720
2276534
2832445
2155532
2270820
2994453
2645718
3101860
3248550
3086364
2315971
3057399
3271188
2175894
2118432
3395138
2385120
2202328
3039897
2228874
2776928
2105357
2464110
2196867
2137127
2286823
3309924
2726165
2130092
3039412
2003678
2003724
2163810
2880385
2440130
2059053
3068498
2871920
2948915
3254399
3100022
2153807
2068591
2976870
2162709
3020223
3097960
3100375
3381820
3301109
2031485
2031400
2277727
2303671
2070987
3035565
3090590
2875500
3355020
2865050
3086925
2172704
2068273
2068338
2961571
3367983
2172070
2711710
2071959
2096749
2272237
2079143
2110199
2141051
2038790
2113953
2175878
2773554
3100405
3386651
2999021
3069826
3041476
3072673
3308138
3079201
3267148
3387615
3027910
2973480
3009408
2847302
2942640
3079864
2841215
3323307
3287602
2884356
2191580
3283801
2130599
2259052
2089963
2195186
2301946
3042030
2115310
2219905
2999200
3308421
3082326
2118270
2284090
2260824
2226430
2121603
3256480
2251116
2131706
2262770
2966778
2902478
3369161
3302717
3299937
2971305
3124126
2949709
3253880
3294200
3018369
2269830
3003990
2884909
2836653
3376028
2678985
3305287
2827077
2209950
2200023
2219271
3036138
2617900
2291681
3089681
2830418
3321363
3069184
2285576
2396823
2417715
2327295
2207621
2226235
2185105
2269732
2129132
3323064
2852004
3381129
2943395
2267829
2289342
2945720
2181932
2879344
3046842
3023958
2134950
3319180
3379701
3364810
2325900
2983346
2534002
2841142
2313871
2134659
2860856
3377091
3261921
3253392
3040941
2288370
3325997
2222264
2097311
2021757
3238741
2180138
2194783
2260085
3252051
2972875
2994968
2297086
2214806
2125978
2226570
2289938
3395901
2289601
2818752
3269345
3069885
3300684
2301040
2411180
2296276
2410290
2938502
3250563
2177170
2188970
3258696
2250322
2183412
3327388
2209810
2274280
2279215
2155222
3268209
3392554
3385094
2829819
2217449
2148668
2297582
2221845
2323559
2309807
2722933
2237792
3028402
2298880
2097656
2156970
3337359
2185733
2041898
2041944
2247119
2619610
2286319
3248879
2153866
2071053
2953790
2126842
2271680
2077302
2157454
2087472
2027836
2027755
2301415
2875101
2287838
3324702
2174871
3091929
2186900
2488191
2230615
2192411
2545292
2324199
2136490
3367401
2204460
2049384
3035751
2187086
2199254
2104342
3359638
2136821
2029022
2029111
2896338
3239853
2889960
2134764
2150573
2262169
2657317
2260611
2296519
2188023
2774801
2313367
2302969
2728486
2126818
2231344
3258882
2323974
2276780
2174227
2136856
2288150
2079330
2658836
2935694
2019990
2020068
2047209
3106837
2595648
2320134
3277909
2202123
2209152
3254631
2660385
2176998
3027155
2163993
2164019
2301571
2926024
2935848
2282810
2371120
2298090
2901340
2092670
2092646
2185903
2266083
2068206
2106760
2059894
2323117
2129426
2049996
2397048
2238772
3303845
2104180
2289172
2174537
2216752
3300820
3031268
2100070
2142058
2115301
3240940
3385981
3296067
3008061
2281945
3238830
2843765
2169797
2117010
2903490
2098253
2099241
2109883
2049686
3042278
2120224
2908956
2536420
2404630
2369940
2754355
2754410
2848732
2046474
3333221
2079046
2079135
2299810
2014858
2041090
2205904
3088715
3308731
2097729
3099296
2169754
3106934
2293099
3380912
3380912
2143992
3392775
2305364
2880105
2883830
2412802
2124432
3354571
3385019
2937735
3384683
2302004
3262677
3329801
2252414
2313006
2252031
3048934
2915251
2322692
3297500
2759055
3391329
2114461
2054752
2054833
2416093
2213435
2805464
3352137
2352362
2031698
2101386
2101394
3017729
3070778
2178893
2095181
2296675
2211904
2237504
2191210
2179296
3362884
2219182
2057310
3316866
3395863
3371867
3030261
2153750
3299384
2061953
2679302
2753456
2137852
2134179
3389278
2084139
2017610
2075814
3262316
2136643
2073463
2099160
2021838
2306417
2146479
2281856
2407400
2022508
2022575
2070049
2127687
2137313
2132109
2241960
2222060
3324800
3278654
2415470
2267772
2065738
3124959
2045648
2045591
2887754
2024500
2024462
2703114
2107732
3377814
2069091
2069059
2216450
3256014
2019078
2019019
3270327
2222019
2137801
2183790
3001750
2205122
2286017
2055325
2130882
2031922
2068710
2132818
2406330
2993899
2908654
2035596
2035600
2059738
2061988
3295338
2235579
2164370
2145529
3043436
2985063
2530953
2220997
2291533
3249662
3094014
3077390
3123529
2266920
2927411
2574551
2437511
3331334
3093220
2939100
2059843
3094316
2820323
3061809
3024466
2196549
2089823
2224151
3024172
2196824
2921553
2322889
3353389
3025110
3324176
2322340
3090876
2300451
2170663
2932245
2259613
2182386
2272385
2166950
2935937
2216299
2211726
3263797
2303027
2124629
3312801
2813602
2189100
2920271
3094472
2722283
3042600
2320673
2271656
3028143
2878658
2892030
3015238
2608480
2682648
3322742
2273233
3017974
2324830
2131226
2164639
2249197
2238705
3094669
3296792
2830949
2285037
2286750
2224054
2201836
2270145
2322536
2305143
3243346
3274039
2199459
2877740
2550172
3104583
2889234
2125048
2257645
2274051
2201097
2208180
2906074
2220555
2291592
3239381
2173247
2213150
2215551
2247160
2247194
2202476
2153424
3343812
2273985
2258510
2317753
2189372
2916916
2512696
2316200
2787890
2287250
2168650
2183676
3249123
2918706
3269566
2049163
2220636
2289776
3099105
2146274
3321690
2836432
2290839
2657686
3356140
2710056
2396041
2878518
2860538
2417847
2387310
3294544
2293811
2275686
3368181
3274985
3239063
3261115
3062767
2300753
3027821
2188562
2988046
2917734
2035758
2672138
2314100
2905221
3097935
3265250
2954605
2886901
2635925
3023869
2164990
2172895
2301474
2089491
2835509
2297710
3247740
3026400
2295938
3293475
2295571
2743256
2452634
3369439
2712237
2323532
2304511
2321513
2265460
2618133
2291096
2410273
2917866
2318725
3021351
2090490
2950642
3027660
2924315
2175525
3099954
2153190
2324504
2324750
2181908
3267326
3005887
2226707
2226685
2182076
3250814
3029433
2232189
2578190
2962748
2171902
2171872
2157543
2866773
3374017
2449595
2297639
3077632
3250270
2310732
3292193
2287439
2260255
2234831
2550520
2836513
2605970
2196620
2315408
2087499
2054108
2800900
2291339
3034909
3088154
2254921
3282570
2127717
2819724
2273578
3090639
2168090
2839261
2048329
2048302
3014924
2251914
2308878
2285886
2191059
3121682
3374785
2829029
2300800
2935325
2896966
2106086
2106035
3367037
2804212
2316048
2671328
3284310
3380998
2747103
3366685
2863553
3391825
2222817
2189976
2072840
2157608
2164132
2320355
3253449
2155460
2842424
2233711
2636441
2218720
2308134
3388620
2859530
2857715
3079104
2621223
3097854
2197545
2191822
2953463
3237761
2270200
2276054
2818833
2309424
2037971
3090620
2285142
2284545
3089762
2190672
3326594
2200554
2200384
2276852
2127091
3248976
2243660
2261642
2193523
2192357
2252562
3274519
2251280
2253801
2303574
2290456
3248542
2230550
3357015
3020142
2131293
2086735
2317044
2370379
2370301
2206196
2089831
2938006
2260506
2272210
2078040
2252732
2079976
2114208
2114267
2274710
2265184
2651360
2128616
2308622
3278930
2094096
2955890
2129728
2070456
2070383
3003469
2075172
2075199
2159716
2833590
2122987
2240165
2058448
2058430
2307413
2215004
2178680
2178770
3071669
2652340
3367312
2126966
2973316
2562413
2047560
2047500
2120623
2791137
2400758
3392163
2123495
2247275
2162164
2332094
2295318
2309521
2956705
3054683
2288214
2903512
2252422
2965070
2308436
2280582
2302020
2155842
2206110
2508826
2015960
2016036
2144433
3028801
2264056
3066274
2700280
2305925
2184010
3241890
2076667
2076586
2214377
2234068
2132389
2280787
2913038
3238342
2258668
2303175
2140268
2269325
3269019
2148021
2318210
3248860
2288036
2074206
2144972
2266741
2243008
2295113
2209870
2999650
2114046
3055310
3010619
3274802
2291673
2307200
2906350
2123428
2122804
3317080
2116235
2131595
3298680
2061694
2268329
3278719
2256290
2532069
2188503
2175738
2108763
2134500
2202760
2142716
2256690
2123908
2136392
3256685
2174693
2227525
2304023
2160749
3016030
2090120
2311437
2064022
2214466
2129248
2931389
3353621
2173352
2948508
2142872
2722143
2704145
2236761
2278715
3346439
2281180
2266709
2129701
2390841
2893061
2185750
2261065
3300676
2156156
2171112
3279057
3331075
2160455
3252426
2161273
3247953
2123622
2265044
2307081
2255812
2212331
3106470
2260697
2306778
2176033
2261588
2947889
2130521
2155370
2288877
2715406
2207176
2481758
2202255
2564181
2629127
2220318
2261979
3005232
2045907
3383245
2161532
2325080
2022044
2263793
2185253
2210584
2215837
2319535
2367076
2174030
2311399
2134446
3264319
2022265
3320588
2038005
3260259
2500485
2079690
2771306
2195917
2175959
2077531
2106973
2589354
2576988
2074958
2155702
2388944
2230585
2217716
2086786
2086247
2271958
2318024
2252813
2312204
2312140
2116510
2564840
2088215
2441047
2186063
2797569
2154935
2089173
2089246
2203154
3364470
3315673
2395851
3124614
2110105
2240947
2903121
2951720
2261812
2782898
2484161
2310880
2720299
2166917
2372525
2458950
2200180
2825066
2182882
2612992
2115964
2115980
2140969
2262851
3075230
2142325
2191679
2544822
2452804
3297403
2133997
2223007
2063484
2063409
2127245
2268965
2112817
2083035
3260917
2185865
2126494
2208270
2228211
2263963
2063174
2893096
2174790
2045559
2210711
2205203
2204010
2850702
2145766
3253341
2412195
2074559
2074583
2074362
2244853
2472082
2112795
2133636
2901994
2575027
2112060
2302098
2894203
2076225
2205831
3333558
2075270
2075350
2254816
2820358
2159945
2110784
2190800
3304620
2179776
2986388
2050692
2909758
2163969
2230437
2135280
2022923
2195534
3074137
2247321
2571366
2306808
2255260
2096374
2279649
2254514
2112493
2098776
2797658
2281392
2270323
2228700
3018180
2078082
2078155
2268698
2127792
2986760
2087740
2087790
2575175
2288109
3390101
3106748
3389510
3340651
2075083
2272652
2369036
2369060
2164574
2981688
2474409
2103605
2075580
2241200
2236559
3125963
3099776
3281469
2205530
2131749
2007762
2007789
2166780
2182530
3378438
2159309
2196220
2119242
2312484
2926881
2169266
2073250
2305860
2730448
2974908
2367335
2171244
2080176
2080168
3370194
2234777
3080668
2132508
2088258
3248038
2294311
2314452
2280701
2159538
2159511
2226022
2233070
2242125
2158710
2197901
2122251
2101971
2168391
2892162
2215942
2158884
3329240
2992027
2115590
2306875
2975203
2989662
2270978
2105845
2170060
3264874
2500922
2056429
2056372
3281108
2047403
2824442
2215993
2072750
2367017
2367025
2037955
3340350
2085437
2068486
2005913
2005930
2247364
2911531
2151383
2154412
3384071
2069946
2086298
2251361
2173000
2822300
2662523
3306291
2894459
2748380
2282232
2821931
3074080
2266814
2693496
2728150
2123703
2165872
2257092
2700891
2851032
2106795
2311984
2030780
2030772
2910217
2217155
2816407
3084612
2910950
3345513
2124092
2881799
2306263
2258455
2165724
2835029
2276500
2259362
3067149
3376915
2416433
2154013
3018962
2139677
2107147
2107066
2113945
2113864
2910055
2201542
2302152
2175614
2897342
2719517
2224330
2118041
3015726
2186764
2570777
2096455
2163497
2168715
2007940
2008025
2266490
2666723
2882515
2309084
2151898
2077655
2163870
2277620
2199750
2365499
2303094
2255618
2067897
2004020
2003996
2008416
2069407
2328720
2087294
2306689
3272540
2177102
2116375
2092190
2191555
3302180
2989840
2920530
2876370
3022242
2950200
2864053
3319920
3121780
3090809
3339440
2634198
3027368
2882604
3043452
2790068
2324377
2889552
3333949
3360601
2956373
2167972
2795957
2997550
2303752
2889056
2940183
2260735
2385902
2218119
2254484
3380041
2207630
2267209
2965925
2097761
3291456
2944979
3041565
2846314
2967391
3366570
2124033
2754215
2865181
3312577
2000679
2000695
2162768
2218984
3248186
2199939
3051340
2953404
3029310
2805154
3086232
2685540
3125149
3367428
3362191
2127903
3315215
2146401
2250225
2222663
2891867
2197740
2179563
2784688
2061015
2047160
2213249
2052539
2961164
2274930
2299976
2090163
2102897
2103931
2280973
2664070
2182831
2321467
2075130
2167727
2317346
3273547
2177420
2227991
3296431
3069281
2088614
2692872
3350886
2082241
2296764
2312344
2177323
2731495
2540290
2219107
2392305
2168510
3316920
2473291
2041189
2041219
2227495
2291991
3250547
2857022
3081249
2037319
2037335
3393577
3395669
2313740
2313820
2498111
2281732
2846969
2252724
2253216
2260425
3067378
2201585
2899515
2244527
2126737
2275236
2296926
3047113
3252205
2920999
2159023
2202280
2251841
2305941
2476347
2070278
2167840
2207885
2083957
2258099
2253429
2284472
2198240
2315580
2254638
2211700
2401630
2290359
3333833
2167905
2217767
2213079
2122324
2060612
3382940
2871505
3296890
3029085
2150174
2249650
2176084
3341119
3021572
3089851
2816032
2838060
2965216
2519143
3291189
3077110
3018300
3247805
3373150
3086836
3089924
3296822
3354539
2254840
2143755
2064375
3298590
2115417
2115506
3313662
3035506
3004040
2416840
2296373
3040313
3393933
3013901
2299640
2187973
2313103
2234106
3101185
3343731
2166895
2037289
2037238
2175231
3339238
2290987
2225662
2225743
3329313
2082063
2270102
2434407
2838150
2249537
3300781
2807432
2173638
3266982
2927497
3382524
2969106
2076500
2858843
3254917
2166054
2094770
2419777
2211971
3359328
2041707
2041740
2114763
2247380
2247470
2151553
3331555
3327477
2057344
2292742
2158779
3078876
3028925
3027961
3379345
2975408
3317803
3390659
3268039
3367665
3080269
3290077
2965275
2308967
2828685
3266087
3307565
2276488
3327280
3259404
3125432
3100863
3121992
3081397
2917440
2256452
2432048
2212064
2212099
2242460
2955229
2034476
2857448
2035731
2035642
2259451
2774313
3040607
2981718
3332705
2815559
2281090
2060060
2286238
2868989
2070324
3277372
2125005
2304074
2259800
2909634
2853671
2138654
2138727
2576384
3126579
2080044
2080010
2901749
2798662
3105008
2884941
3066851
3381455
3360458
3008606
2945649
2659395
2258889
2161133
2161567
2102455
2926210
2059134
2102960
2893541
2253798
3067416
3369668
3364542
2114585
2159988
2319128
2056984
2754991
2384892
3290492
3348296
3360423
2083310
2059967
2059924
2124769
2144220
2903067
2024101
2239345
2145057
2209705
2185997
2579774
2992221
3315649
2933250
2132630
2278618
2211246
3126498
2278545
2211955
2947820
2218909
2280965
2142546
3353338
2294877
2809265
3071812
2619849
2178940
2126451
2172780
2221772
3078558
2880334
3250458
2663953
2686082
2271052
2163357
3286614
2296993
3008908
2904217
2737191
2190273
2276720
2071894
2039869
2039915
3287815
2964236
3023281
3092011
2284391
2125439
2197065
2817705
3097072
2854643
2094215
2002612
2943794
2211459
2279037
2318628
2292475
3066908
3394166
2704048
3046672
2815745
3030580
2286165
2096510
2383349
2389061
3250962
2093626
2256720
2099853
2251582
2916053
2878607
2292122
2144263
2222841
2806037
3287580
2224275
3278085
2109344
3373312
3394204
3052567
3089452
3028666
3018784
2905531
3052133
3369226
2803755
3050106
3097811
3248127
3324958
2870649
3391990
3264262
2890410
3250636
3122158
2607484
3350703
3387186
2980630
3395251
2007800
2007835
2218887
2167328
2108089
2207095
3319709
3361675
2162679
2118882
3370364
3289460
3003167
3238512
2046776
2046814
2294010
3300749
2073412
2216140
2311836
2019914
2020629
2020645
2156296
2199718
2015609
2295105
2108208
2326531
2938812
2303132
2145723
2418118
2195798
3103951
2209837
2082225
2082187
3343332
2043025
2042983
2960486
2960397
2145502
2621037
2021005
2054868
3263169
3275116
3288560
2879140
2250314
2135728
2409240
2235595
2956543
2956578
2005387
2005310
2131528
2780933
2322331
2046920
3260739
2018403
2059460
2016630
2281309
2242770
2043653
2144590
2367416
2367491
2827875
2508010
2508044
2062739
2064545
2175100
2224046
3326110
3039722
3009556
3307417
2791145
2103397
2271761
3383873
3297942
2230925
2174596
2226332
2906821
2211513
2965674
2328429
2291053
2109638
2109557
3261247
2498510
2553643
2184885
2310147
2120305
2515423
2068974
2307022
2818167
2299011
2028883
2028808
2074419
2055031
2101718
3015602
2190079
3255859
2286556
3308774
2244870
2244900
2225824
2287064
2253020
2181630
3032493
2151707
2508117
2378850
3272753
2245035
2442167
2196190
2418177
3295370
3260038
2203723
2207257
2187264
2318865
2995689
2610361
2235390
2112957
2028670
2028743
2080877
2187442
3377113
2163667
2839067
3393887
3354636
3323439
2371960
2925745
2047489
2171775
2247500
3332942
2101904
2101831
2294087
2406470
2406381
2034042
2876850
2066912
2217902
3389979
2190419
2204100
2196808
2014335
3394557
2280426
2103176
3381382
3373215
2226510
2060876
2036827
3038041
2080613
2078228
2918161
2066270
2247984
2058049
2314584
2252961
2245094
2084112
2212188
2154404
2391465
3390535
2260395
2187493
2287803
3251756
2101122
2338491
2123614
2250390
2091453
2247534
2080702
2941031
2376512
2910322
2256525
2158159
2873990
3081605
2095513
2034255
2034204
2196034
2306336
2821460
2290197
3367479
2022168
2263440
2187817
3079147
2314681
2237148
2042630
2042584
2257629
2133490
2030756
2214865
2837285
3289001
2307588
2222248
2140861
2147653
2074672
3023885
2212463
3251250
2983800
2141671
3258254
3088251
3310221
3279782
2142597
2297035
2149036
2557665
3377504
2092271
2092301
3316734
2925222
2247569
2059215
2151430
2369290
2149869
3389090
2239540
2206447
2294699
2090201
2056836
2306646
2251507
3122280
2069326
2229544
2148641
2229838
2309335
2260115
2162229
2275970
2322978
2117754
2031957
2167069
2173760
2962594
2121565
3025187
3086569
2906783
2880539
2517353
2703920
2820412
3238130
3014967
2926989
2272504
2810034
2910837
2314720
3377660
2566273
2296748
2318075
2927136
2580748
3237982
3349993
3122727
2877090
2291398
2601478
2264447
3067963
2178494
2167999
2870088
3122808
2915413
2186217
2905159
2207320
2684780
3082571
3325458
2196280
3281248
2451875
3047660
3306208
3018288
3326519
2188430
2293447
2238179
2984873
2629453
3383431
2984474
3350452
3241130
3003248
3295346
2883635
2714205
3091694
3026396
2579367
2102730
3014819
3271013
2575213
3077969
2106825
2106892
2142783
2884402
3283992
3028208
2944766
2318300
2523884
3029689
3100480
3027074
2982188
3368297
3335470
3307409
2135426
3283453
2912538
2499916
2145596
2664461
2416166
2292335
2698625
2074753
2212269
2946637
3239713
2176920
2060078
3271471
3338835
2079372
3349616
2066688
2191946
2670631
2053918
2320754
2275902
2149613
2221519
3304060
3380289
2102307
2142180
2284669
2978199
2377195
2288516
2302225
2309440
2130785
2321793
2259001
2631598
2238438
3393690
2140802
2147300
2127989
2218240
2322226
3084329
3363279
2313952
3379639
3290409
2299950
2289482
2067250
2918153
2186438
2022958
3021750
2288729
2969190
3270254
2300966
3071073
3077667
2918412
2121891
2278863
2277247
3020061
2580128
2775654
2309726
2456753
2055490
2263157
2046180
2151170
2141710
2566060
2148285
2103095
3253040
3362450
3014975
2242842
2176173
3258548
2295725
2961806
2368307
2368250
3085031
3079910
2861704
2243938
2270234
2107244
2299690
2103249
3278786
2388537
2185873
2121352
2311577
2459957
2060728
3391086
2321157
2218801
2247623
3314871
2112779
3369021
2018187
2180626
2132176
2205556
2048469
2966921
2173603
2284278
2110130
3251551
2012987
2013045
2731614
2839490
2115832
3043045
2499991
3021319
2295997
2987090
2033631
2033577
2192446
2305313
2322269
2210657
3337057
2300508
2189801
2322927
2282259
3258637
3122530
3086585
2587475
3100570
3291766
3381897
3251403
2060558
2159651
2220377
2066394
2102331
2323451
2883503
2035847
2035910
2152606
3240967
2877678
3322440
2146371
2452570
2003147
2003120
2085887
3382214
3344495
2216329
2060779
2081504
3100618
2321440
3321010
2969491
2844869
2986035
3086399
2160838
2149125
2992515
2190443
2875934
2179423
2228734
2089467
3344967
3065154
3335984
2804565
2308835
3029522
3376516
2982730
3265196
3016897
2168561
2317702
2096080
2143585
2093049
2093081
3275256
3012301
2073757
2803364
2865955
2070600
2247666
2168162
2057840
2144735
2019507
2019574
2161443
3125491
2722909
2300605
3320111
2274230
2207036
2142147
2158078
2226871
2226804
3016064
3105385
3008886
2226189
3347800
3088901
2150310
2835657
2834707
2155028
2137410
2137445
2303264
2247704
3371581
2218399
3300471
2152312
2837323
2173808
2912996
3072339
3307212
3353702
2721147
3289249
3384020
3384381
2951479
2201194
2158043
3007472
3103773
3270670
3320510
2820820
3385256
2880580
3268870
2942119
3330524
3015572
3373363
2858363
3256219
3327922
3319970
3372405
2881470
3004600
2716550
2296969
2221195
2316862
2159090
2195119
3391469
2699044
2266970
3343260
3032663
2399601
2135981
2139260
3103854
3028852
3077730
3238970
3276481
3027708
3370631
3251730
2297230
3022846
3388247
3089266
3076245
2775808
3357813
3089118
2241897
3277887
3357112
2941848
2866617
3262383
2804492
2880563
3382966
3086763
2659921
3370062
2881390
3361896
2880350
3276104
3226123
3392228
3088693
3353257
2872889
3011917
3122948
3331644
2300494
3252507
3267679
2814196
3242277
3064298
2038625
2038587
3036057
3379272
2668645
3374092
2939193
2456958
3334368
2209225
2131900
2233975
2935945
2241080
2179199
2107589
2107520
2072378
2072297
2307260
3280349
2706849
2136775
2900009
3280403
2159856
2159783
3241491
3079414
2086476
2143224
2302527
3036316
2093782
2173743
3299821
2072564
2263297
2121735
2121654
3282449
3358151
2069210
2069253
2455170
3390462
2141230
2721600
2121883
3389987
2150751
2079887
2038145
2141353
2152223
2128608
2997002
2150255
2197227
2906767
2047748
2192764
2096820
2150344
2171635
2548542
2063727
2436167
3377911
3329844
2433028
2255170
2674920
2583224
2987201
2127580
2189046
2169630
2169681
2240653
2184494
2104849
2249570
2079909
3256626
2973910
2066890
2024829
2091518
3338266
2574683
3080196
3368483
3382141
2271818
2985012
2941716
3275027
2223961
3371727
2842220
3018709
2482339
2885573
2253658
2988321
3379604
2844346
2622246
3251004
2180103
3386724
3017303
3089622
3079619
3093441
2899094
2801892
3099571
2215748
2813955
2807939
2805960
2821010
2314754
2826330
3297160
2315670
2265249
3367738
3091171
3269817
2833883
2282933
2687240
2878674
2092247
3013693
3013430
2150735
3033627
3391264
3060543
2247712
2176580
2709341
3263240
3333868
2065274
3276040
3256855
3352447
2979381
2200740
2926750
2280922
2319004
2304406
2931010
2281260
2095670
2095580
2263343
2178320
3273130
2126362
2827212
2208032
2081806
2081750
2127008
2260670
2189488
2178206
2040441
2123118
2123053
2272563
3105474
2833913
3095410
2262126
2267861
3243214
2936720
2731142
2727013
2879484
2062062
2062135
3105172
2228122
2698285
2094487
2720019
2845997
2819414
2610485
2391040
3330478
2169584
3320960
2164230
2887886
3086852
3244091
3249611
3068676
3326888
3017443
3352889
2970635
2874199
3265641
2210304
3031934
3080005
2870240
2946335
2996936
2398648
2714140
3342875
2865360
3291081
3028127
2680807
2207451
3051919
2948567
3375528
2211092
3330575
2845202
2292572
3304710
2091593
2899140
2983575
2126869
3021610
3000362
3124363
2251418
3029417
3305147
3392899
2297787
2244071
2299151
2955270
3275388
3098192
3373410
3386090
2298635
2875594
2389746
2045451
2816814
3376389
2335743
2134993
2884461
2283735
3248500
2169118
3152820
3101371
2177919
3017397
2880806
2215594
2239809
2315220
3238857
2279061
2951053
2965747
3011429
3367002
3024300
2191865
2322366
2319276
3021653
3006387
2311682
2377055
2317222
2976927
2118734
2118661
2866307
2942410
2294222
3379000
2280523
3049809
2207435
2569957
2202832
3019063
3302580
2933160
2086190
2198878
2197685
2317362
2999994
3368270
3041905
3344517
2270617
3252787
2299755
3069346
2848066
2999943
3095886
2697483
3123022
3123111
2228408
3251098
2869853
2111659
2307723
2159619
2232677
2966085
2134586
2100002
3051714
3291340
2182696
2925451
2240998
3040119
2207702
2238241
2294540
2806754
2265958
2890658
2663244
3107639
3251497
2165309
2234882
2080524
3167410
2141892
2982005
2188376
2188341
2254867
2999960
3303764
2965887
2072823
3259161
3087786
2296454
3330001
2867230
2866145
2298449
2816954
3093760
2817381
3077918
2380080
3335429
2280833
2055066
2055058
2269660
2818477
2136147
2120674
2176432
3373169
2574616
3094081
2170108
2325799
2397897
2703416
2818310
3335364
2884305
2227843
2292262
3123146
2217309
2205920
2276380
2253526
3080358
2985667
2129213
3246507
2153947
2090856
2089670
3078230
2036886
3025217
2038137
2258013
3262987
2388839
2024640
2024616
2880679
2321050
3388255
2176300
2643847
2278120
2321319
3365530
2228459
2286572
2892561
3123049
3098982
3087123
2816750
3318176
3020908
2301300
3319776
3077535
2322897
2878178
2885182
2255383
2192578
3014134
3260178
3012085
2268515
2198363
2992817
2828626
3015017
3372480
3021467
3243478
2846250
2878437
2214750
2884992
3355942
2830388
3009971
3102483
3368173
2829070
3027023
3022994
3376648
2142422
3023648
2979098
3018024
2175541
3024288
3322980
2171031
3305210
2635330
2223767
3263509
2929660
2216060
2299860
3022420
2391317
2391236
2281660
2184281
2573423
2436574
3361446
3338711
2577151
2831074
2096552
3027546
2908778
2023237
2023202
2180774
3354830
2205254
2233738
3121429
2672677
2291290
3389138
2082764
3078612
2146541
3015254
3393003
3376443
2997428
2144018
2223236
2232782
2151510
2168308
3261557
2846837
2827956
2899035
2549115
2043564
2535777
2193396
2124742
2092999
3101010
2830060
3311325
2492873
2900874
3264114
2315475
2231611
2012499
2012545
2922070
2185342
2924382
2834952
3080153
2102919
2184826
2778149
3393151
3126374
3327507
3349730
2160390
2115913
2115930
2279673
3031004
2192144
2199629
2271249
2747510
2317184
2258595
2317893
2196450
2111322
2111241
2888955
3378900
2100584
2100630
3283690
2119692
2910039
2247747
3070204
2211769
2236125
3250725
2278952
2913097
2258188
3395219
3260003
2234939
2182181
2229803
2308916
2087693
3322033
2804930
2888386
2236257
2891557
2216663
3394972
2799499
3388808
3277844
2156016
2963221
2408171
3236994
2172020
2473593
2264960
3039862
2919036
3261603
3050815
2629089
2136066
2319489
3247090
2316773
3100936
2933667
2097150
2210061
2188716
2213800
3383890
3255654
2529734
3378179
2615355
3264017
2304651
3335208
3322874
2277654
2290391
3102874
2630362
2975068
3307000
2671158
2426595
2530228
2535670
3022307
2985543
2321637
2024250
2024330
2525470
3301150
2236877
2262100
2234424
2032880
2994321
2310511
2129493
2323524
2727749
2902370
2186721
2905191
3038742
2369958
2370034
3056791
2217511
2197782
2311194
2229528
3012530
3088065
3037282
2257203
2257297
3078370
2210428
3300099
2206099
3267695
2268876
2178990
2179350
3082032
2974487
2818051
2921294
3068030
2616327
3090906
2414880
2181991
2304422
2117657
3272389
2041430
2041405
2909391
2267594
2108585
2240130
3279472
3265021
3024105
3382117
3355578
2802899
3289770
3253007
2888610
2986477
2287757
3384993
2604213
3106080
3395987
3045030
2174359
3280624
2149893
2236460
2756749
2164833
2196425
2229773
2151740
3343863
2219166
2192225
2478315
3072169
2417936
2111993
2232774
2232715
3365760
3093506
2197219
2262762
2253488
2192616
2963795
2880520
2075652
2210983
2787733
2255693
3030512
3107205
2073234
2277867
2307774
2270870
3350843
2396122
3247880
3287424
3372219
3100740
2325551
2257793
2391627
2985942
2543672
2198983
2076381
2774879
2774828
2805545
2394618
2394596
2921219
3270491
3018652
3356175
2024543
3006034
3010171
3123391
3386023
2872048
2173840
2022117
3238725
2116316
3237559
3274217
2053578
2160196
2059240
2105098
2105179
3304841
2060426
2181770
2143852
2881365
2040352
2040395
2060388
2018616
2026783
2026759
2104482
2129795
2207397
2085569
2148293
2144093
2083132
2140136
2298457
3237850
2065444
2065479
2200848
2295059
2810107
2188902
2893592
2160625
2146207
2073471
3237702
2269910
3078736
2323818
2122073
3285405
2792125
2165147
3034186
3251527
2064642
2248000
2027976
2028000
2320819
2320851
2082446
2249049
2832240
2614421
2217694
2421046
3324672
2184796
2093758
2219492
3039536
2157799
2303329
2432870
2900912
2278049
2261227
2229226
2711680
2257815
2296624
3087077
3265960
3029379
3051447
3296679
2578972
2118254
2201712
2178117
2214210
2311704
2262681
2879069
2115735
2047098
2047063
2203065
2047586
2047659
2100746
2066572
2066629
2025531
2098504
2077400
2290138
3085481
3346340
2099527
3076091
3063682
2236176
2575620
2305755
2653419
2258846
2748967
2238292
2549190
3268780
3238393
2078651
2233177
2910373
2911710
2328666
2096110
3043029
2974916
3325350
2833395
2250101
2230658
2260875
3300390
2828197
2264870
2159457
2422930
2155621
3364704
2280183
2947404
2151952
2552655
2162458
2278278
2999803
3384853
2646323
3238920
2320282
2218593
3092267
2998327
2297124
2289580
2043700
2292696
2880024
3094278
2395924
2662299
2094290
2181843
2282658
2265575
2175029
2890011
2288184
2257998
2266628
2313197
3329364
2183560
3091511
2147351
2303353
2283786
2880237
3257592
2189313
2313472
2119390
2090252
2304112
2257343
3095312
2102501
2211386
3251977
2217880
2824124
2300656
2761769
2144050
2234564
2940450
3306470
2518333
2216353
3321592
2192926
2510820
3379965
3341844
2231549
3031160
3008827
2454270
3255344
2889366
3384772
2611279
3031721
2296225
2918579
2658186
2901757
2256940
3071405
3107710
3022056
2059797
3364640
2964163
2532468
2417120
2259087
2307634
2185121
2217236
2251710
2198100
2637693
3245748
2268779
2209136
3315029
2367149
2165422
2063107
2161923
2168111
3053245
3034747
2825031
2306034
2666057
2234483
2088436
2102129
2304180
2543419
2174316
2141922
2197030
2254204
2197960
2992930
2223503
2233541
2209012
2207990
2377004
2271125
2163225
3326225
2044285
2155109
2135841
2260930
2253747
2196123
2297094
2174677
2935538
2423090
3257711
2220075
2206277
2430665
3284247
2859114
2084490
3289494
2862280
2264641
2855585
2273284
2997789
2124289
2906473
3239438
2309238
2264676
2724162
2303396
2278677
2102048
2252082
3380165
2280469
2170167
2365570
2648482
2215160
2165570
2902982
2544440
3222179
2139910
3081001
2636069
3271765
2323303
2944430
2222108
3123219
2074931
2933802
3356590
2061465
3282210
3257339
2023776
2023709
2240386
2124670
2258439
2012936
2012979
2292173
2894092
2242524
2248778
2293021
2244691
3050548
2147092
2167271
2158418
3042979
2214580
2816890
2229439
2818922
3337170
2600269
2974827
2673290
2023180
3219224
3232247
3252825
2271885
2295873
2945002
2673967
2209608
2122901
2525925
2595397
3026264
2150395
2473976
2564939
3330907
2224321
2946785
3298655
2262959
2253895
3004210
2239116
2305461
2236273
2193060
3016854
2289040
2115000
2973987
2074338
2299364
2090660
2090732
2170841
3095541
2815354
2670585
3123324
2744511
2954710
2500388
3090019
2736411
2301369
2993147
2876680
2827450
2290740
3013936
2837374
2163314
3038173
3073815
3004414
2901617
3253279
2673371
3354202
2438178
3313638
3304400
2327163
2759330
2314665
2187469
2082829
2782502
2973600
2918820
2025647
2303450
2264145
2150778
2139243
2149206
2185202
3042200
2247941
2078724
2700255
3379426
2786508
2753545
2166747
2717085
2306301
2115050
2131218
2115190
2133814
2939797
2220679
3386430
2269104
3021963
2880873
2258714
3232042
2210282
2581540
3392813
3068200
2939550
2988437
3309126
2872390
2319691
2870487
3080420
2437414
3258947
2972522
3000060
3287890
3384985
2500582
3082440
3358771
3009203
3247325
3067262
3103986
3314170
3350860
2938588
3268861
2313057
2280345
2368714
2166585
2151812
2022842
2134934
3041433
3029050
2870720
3323951
3277062
3028348
2837978
2848708
3368661
2907178
3366731
3105300
3247066
3350096
3015165
3315827
3331229
2819848
2874253
3268381
3290530
3384764
3122590
2917831
3385175
3293289
3104729
3287238
2982358
3028518
2977621
2143240
2143321
3364089
2848627
2920492
3080064
2914450
2852900
2833530
3390578
3097722
3041450
3096726
2952980
2299062
2926040
2283840
3279537
3358186
3025683
3098583
3126463
3361322
3018601
3237036
3012123
2142120
2103060
3241033
2848783
2259524
2299437
2934965
3287394
2305887
2253836
2083361
2153475
2016362
2265591
2905884
2217600
2066955
2557177
2086859
2086930
2265338
2101815
3342603
2833433
3303969
3248780
2938138
2885948
2524759
2927250
2394391
2248654
2059630
3347842
2368404
2368455
2241927
3007294
2072955
3239810
2908174
2153980
2126028
2936860
2180545
2144700
2309823
2111500
2187299
2912635
3249220
2257157
2059606
3359042
2240033
2020262
2598167
3330273
2872242
3351661
2306476
3283780
3034968
2174111
2086204
2261162
2155117
2996880
2513528
2119536
2973081
2045311
2045273
2067919
2973863
3025306
3262251
3266303
3087700
3097641
2499649
2500450
2274418
3386309
3322378
2870169
2845792
2182947
2295164
2256428
2254000
2916592
2240246
3248356
2556685
2289695
3297853
2918951
2084252
2566931
2316480
2189470
3381153
2408082
3013103
2074818
2074850
2371766
2296063
2110679
2244284
2132605
2837242
2173689
2621428
2132710
2771012
2263602
2317800
2847035
2265273
2370468
2257700
3054993
3322505
2283654
2193450
2215470
2156610
2269155
2173492
2201690
2239884
2877473
3023575
2231760
2991098
2895358
2865254
2850168
3395430
3322688
3123294
3076741
2816300
2844257
3243974
3123731
2736144
2612569
2369184
2369168
2504650
2117452
2310953
3249557
2220067
2833743
2095106
2211050
2086964
2144867
2264536
2149443
2906287
2193817
3240541
2729911
2204851
3047644
2321394
2126923
2120828
2120771
2228939
2191474
2666308
2231166
2111934
2265672
2652099
2075563
2969050
2256770
2278650
2218780
2165481
2112884
2308754
2234637
2306581
3323862
2074460
3283968
2261693
2118874
2185423
2066645
2194546
2223830
2016613
2978350
2447690
2271168
3266621
2174200
3394360
3385760
2089262
2285045
3013766
2128519
3380793
2300001
2036096
3387135
2039699
2039664
2138069
2209357
2439573
3259102
2062984
2855941
2339820
2838974
2164701
2098008
2098059
2174715
2858231
2317613
3394379
2298155
2910497
3046958
2308592
2854163
2295865
3107469
3022927
3023354
3269329
3343030
3330869
2323397
2673584
3096297
2204088
3253970
2062798
2111985
2129540
2209756
2279738
2140705
2473666
3303233
2879352
3367614
2266415
3070000
2301261
2875497
3077888
3393780
2071851
2260778
2488515
2876167
2216191
2840006
2291630
2101777
2714973
3066428
2064472
3250059
2018942
2279134
2328240
3285804
3361128
3347559
2109018
2125625
2098369
3303608
2177617
3123995
2979624
2311887
2836165
3322130
3121879
3357694
3050211
3343464
3066991
3286126
3266710
2833948
2274191
3016544
3122255
3352676
2292521
2147629
2949563
2181410
2181339
2367548
3088464
3308251
2269481
3270580
2951819
2322838
2168235
2240050
2029324
2967081
2168200
2285860
2266598
2927330
2937085
2018519
2831180
2084090
2193990
2044005
2462907
2389100
2318580
2296110
3392490
3249204
3020827
2008998
2008912
2130386
3034534
3378772
3096858
2154641
3018040
2061147
2141604
2225271
2906457
2906953
2368668
2908298
2279320
2243644
3123464
2295342
2041367
2775239
2123959
2375907
2554429
2193248
2054647
2049147
2424177
3371930
2247798
2214938
2570556
2115808
3340040
2168405
2046636
2235374
2228289
2139316
2254115
2906627
2278820
2820579
3277194
2877058
2209438
2159333
2940477
2256029
3244539
3070379
2261340
2416425
2237628
2186608
2822920
2302438
3298191
2213761
3074676
2941147
2559730
3379876
3382710
2285215
2235277
2235340
3302733
2466490
2255987
2190842
3338681
3106241
3028950
3014215
2950197
3122867
3037320
2190524
2172399
3097552
2847248
2194996
2233819
2782774
2427206
2229293
3251322
2851393
3339769
3101517
2173042
3339882
2935279
3386368
2730367
2100789
2204363
3380637
3014479
2229358
2831937
3336760
2081610
2081679
2179032
2067323
2067277
2188317
2960664
2530341
3295451
2268124
2211220
2837790
2149354
2007223
3322653
2079461
2079380
2320690
2207346
2154307
3307948
2098636
2386780
2275333
2258196
2131978
2282046
2094401
2041227
2041278
2324954
3027236
2800314
2046407
3357562
2159368
2070936
2070910
3261581
3349560
3286258
2269406
3376826
2011670
2011735
2317532
3390152
2650185
3369358
2318512
2163136
2163063
2426030
2097095
2834855
3269060
2870037
2872005
3014592
3091970
3301575
3090086
2081865
2091321
2057743
2168960
2221942
2286904
2068400
2118335
2101319
2131676
2305259
3249999
2392160
2114895
2181150
3314529
2193540
2264277
3383628
2227800
2319586
2280213
2012189
2130840
2188120
2394464
3363147
2289628
2008319
2008394
3244563
2227444
2215080
