756
869
213
40100
802
163
873
332
220
284
674
272
675
871
676
1136
1137
1130
679
677
678
870
280
224
681
554
682
297
281
680
298
285
1035
286
1036
546
559
155
157
209
66
205
872
59
212
134
111
805
96
999
648
806
197
73
121
92
606
1134
154
44
16
4
38
7
13
95
22
48
10
49
19
2000
25
235
3107
3111
3110
3055
3098
3011
3001
3129
3004
3105
3018
3109
3116
3125
3015
3016
3122
3014
3130
3002
3009
3132
3106
3126
545
758
256
401
799
3133
3124
3131
3119
3120
3117
3128
3118
3114
3113
3127
878
27
222
1135
248
40
